19485 1
4888 1
2374 1
1955 1
2304 1
2374 1
2444 1
1885 1
1886 1
1956 1
2864 1
1816 1
2375 1
1885 1
2933 1
2375 1
1816 1
1885 1
9149 1
1886 1
1886 1
2305 1
1886 1
1956 1
1956 1
1956 1
2305 1
1955 1
2375 1
1956 1
2375 1
1956 1
1956 1
3772 1
1956 1
1956 1
1956 1
2375 1
2304 1
1397 1
1397 1
1885 1
2444 1
2375 1
1885 1
2375 1
1816 1
2375 1
2864 1
1885 1
1816 1
1467 1
1397 1
1886 1
1886 1
2444 1
2444 1
2374 1
1886 1
1467 1
2794 1
1955 1
2444 1
1816 1
1885 1
2444 1
1467 1
2445 1
1886 1
1885 1
2374 1
1886 1
1956 1
3352 1
2305 1
2863 1
3352 1
1886 1
1816 1
1955 1
3841 1
1886 1
1886 1
1886 1
1885 1
1956 1
1467 1
1955 1
1886 1
1467 1
1955 1
1397 1
1886 1
1466 1
1956 1
1886 1
1466 1
1886 1
1886 1
1955 1
1816 1
1886 1
1886 1
1466 1
1397 1
1956 1
1886 1
1886 1
1885 1
1886 1
1886 1
1467 1
1885 1
1397 1
1885 1
1886 1
1816 1
21092 1
1886 1
2374 1
3353 1
1955 1
1955 1
1956 1
2374 1
1886 1
1886 1
3771 1
2864 1
2305 1
2304 1
1397 1
1397 1
1886 1
1956 1
1396 1
1886 1
1467 1
1885 1
1886 1
1956 1
1956 1
1885 1
1956 1
2375 1
1956 1
1885 1
1467 1
1397 1
1956 1
1886 1
1955 1
2374 1
2374 1
1956 1
2445 1
1886 1
2305 1
1886 1
3352 1
2445 1
1397 1
1885 1
1886 1
1886 1
1885 1
1467 1
1886 1
1955 1
1885 1
1956 1
2374 1
1886 1
1886 1
1955 1
2863 1
1467 1
1467 1
1397 1
1886 1
1885 1
1467 1
1397 1
1956 1
1886 1
1956 1
1955 1
1886 1
2375 1
1886 1
1886 1
1955 1
1956 1
3422 1
1886 1
1886 1
1886 1
1886 1
1467 1
1885 1
1886 1
1816 1
1885 1
1886 1
1397 1
2374 1
3422 1
1397 1
2375 1
1466 1
1397 1
2375 1
1885 1
4889 1
2374 1
1396 1
1397 1
1466 1
1397 1
1467 1
1466 1
1467 1
1956 1
1397 1
1886 1
1466 1
1955 1
1886 1
1956 1
1466 1
1955 1
1397 1
1886 1
1886 1
1467 1
1886 1
1467 1
2375 1
1886 1
1885 1
1886 1
1396 1
1466 1
1956 1
2445 1
2864 1
1816 1
1397 1
1885 1
1816 1
1397 1
1467 1
1955 1
1956 1
1467 1
11384 1
1466 1
1886 1
1467 1
1956 1
1886 1
1886 1
1467 1
1885 1
1397 1
1885 1
1467 1
1467 1
1886 1
2374 1
1955 1
2374 1
1886 1
1467 1
2374 1
1886 1
1886 1
1885 1
2375 1
1886 1
2444 1
2444 1
2794 1
2445 1
2375 1
1956 1
1886 1
1886 1
1886 1
1886 1
1885 1
1467 1
1467 1
1466 1
1886 1
1885 1
1397 1
1466 1
1397 1
1397 1
1467 1
2444 1
1955 1
1397 1
2374 1
1886 1
1886 1
2375 1
2374 1
1885 1
2305 1
2793 1
2375 1
1886 1
2375 1
1886 1
2444 1
2794 1
1885 1
1886 1
1956 1
1466 1
1886 1
1397 1
3352 1
1886 1
1955 1
2374 1
1955 1
1466 1
1955 1
1886 1
1886 1
1885 1
1955 1
2375 1
1885 1
1956 1
1397 1
1397 1
1397 1
1955 1
1885 1
1886 1
1886 1
1886 1
1886 1
2375 1
1956 1
1886 1
1467 1
14736 1
1886 1
1956 1
1467 1
2375 1
1886 1
1886 1
1885 1
1397 1
1956 1
1467 1
2374 1
2374 1
1397 1
1467 1
1467 1
1885 1
1886 1
1885 1
1886 1
1467 1
1886 1
1467 1
1956 1
1886 1
1886 1
1396 1
1467 1
1396 1
1466 1
1467 1
1467 1
1466 1
1467 1
1396 1
1397 1
1886 1
1397 1
1467 1
1466 1
1467 1
1467 1
1885 1
1397 1
1396 1
1467 1
2375 1
1467 1
1467 1
1466 1
1467 1
1397 1
1467 1
1397 1
1885 1
1956 1
1397 1
1467 1
1956 1
1466 1
1397 1
1886 1
1885 1
1886 1
1397 1
908 1
1466 1
1467 1
1466 1
1466 1
1397 1
908 1
908 1
1396 1
1467 1
1396 1
1886 1
1397 1
1467 1
1397 1
1397 1
1886 1
1396 1
1816 1
1397 1
908 1
1816 1
1397 1
1466 1
1467 1
1467 1
978 1
1467 1
1397 1
1886 1
1396 1
1886 1
1467 1
1467 1
1467 1
1955 1
1396 1
1467 1
1397 1
1397 1
1397 1
1397 1
1467 1
1397 1
1816 1
1466 1
1886 1
1397 1
1886 1
1467 1
1956 1
1466 1
1467 1
1397 1
1816 1
1466 1
1397 1
908 1
1396 1
1467 1
1467 1
1397 1
1397 1
1397 1
1467 1
1397 1
1397 1
908 1
978 1
1467 1
1467 1
1467 1
1397 1
1397 1
978 1
1956 1
1397 1
1466 1
1467 1
1397 1
1397 1
908 1
1397 1
1397 1
1397 1
1467 1
1397 1
908 1
1467 1
1466 1
1886 1
1396 1
1397 1
1396 1
1397 1
1397 1
1467 1
1396 1
1397 1
978 1
1467 1
1467 1
1467 1
1397 1
1397 1
978 1
1397 1
1397 1
1467 1
978 1
1397 1
978 1
1397 1
1886 1
977 1
978 1
1397 1
1467 1
1886 1
1466 1
1467 1
1396 1
1397 1
1397 1
1467 1
907 1
1397 1
1397 1
1466 1
1397 1
2305 1
1467 1
978 1
1397 1
1467 1
1397 1
1467 1
1466 1
1467 1
1397 1
1885 1
978 1
1397 1
1467 1
1396 1
1467 1
977 1
1467 1
1886 1
1396 1
1397 1
1397 1
1397 1
1397 1
1467 1
1466 1
978 1
1466 1
978 1
1467 1
1397 1
1397 1
1397 1
1397 1
1466 1
1467 1
978 1
1466 1
1397 1
1467 1
978 1
908 1
1397 1
1396 1
1397 1
1396 1
1397 1
1886 1
1466 1
1397 1
1396 1
978 1
1397 1
1396 1
1467 1
1397 1
1467 1
1397 1
1466 1
1467 1
1396 1
1397 1
1466 1
908 1
1466 1
1467 1
1466 1
1466 1
1397 1
1956 1
1396 1
1397 1
1466 1
1397 1
1396 1
978 1
977 1
978 1
1956 1
1466 1
1467 1
1885 1
1467 1
1397 1
1886 1
1397 1
908 1
1467 1
1467 1
978 1
1397 1
1397 1
1885 1
978 1
1467 1
1466 1
978 1
1466 1
1397 1
1397 1
978 1
1397 1
1467 1
1397 1
1467 1
1397 1
1466 1
1466 1
1467 1
1466 1
1467 1
1396 1
1397 1
1397 1
978 1
1396 1
1397 1
978 1
977 1
1467 1
977 1
1886 1
1327 1
1467 1
1466 1
1397 1
1466 1
1397 1
1467 1
1397 1
1397 1
1397 1
908 1
1397 1
1466 1
1397 1
1466 1
1467 1
1467 1
1466 1
1397 1
1466 1
908 1
1397 1
1397 1
1396 1
1886 1
1467 1
1397 1
1467 1
1397 1
1467 1
977 1
1467 1
1466 1
1467 1
1466 1
1467 1
978 1
1396 1
1397 1
1396 1
977 1
1886 1
1466 1
978 1
1467 1
1466 1
1467 1
1815 1
1467 1
1466 1
1397 1
977 1
1467 1
1467 1
1885 1
1397 1
1396 1
1397 1
1396 1
1397 1
1397 1
1467 1
1467 1
977 1
1467 1
1467 1
1397 1
1397 1
1886 1
1467 1
2864 1
1467 1
1397 1
1466 1
1397 1
1886 1
1396 1
908 1
1467 1
1396 1
978 1
1397 1
1467 1
1397 1
1397 1
977 1
1397 1
1466 1
1467 1
1397 1
1397 1
1467 1
1466 1
1467 1
1815 1
1397 1
1396 1
1467 1
908 1
978 1
978 1
1396 1
1886 1
1396 1
1467 1
1466 1
1397 1
1397 1
1466 1
1467 1
1467 1
1885 1
908 1
1466 1
1886 1
1396 1
978 1
978 1
1466 1
1397 1
1396 1
1816 1
1466 1
1397 1
977 1
908 1
1466 1
978 1
1466 1
1467 1
1397 1
1396 1
1397 1
1397 1
978 1
1467 1
978 1
1397 1
1466 1
1467 1
977 1
1467 1
1396 1
1397 1
1396 1
1467 1
1397 1
1467 1
978 1
1396 1
1397 1
1397 1
1397 1
1396 1
978 1
1466 1
908 1
1886 1
978 1
1466 1
1397 1
908 1
1397 1
1397 1
1816 1
1467 1
1466 1
1397 1
1466 1
1397 1
1397 1
1396 1
1467 1
978 1
1397 1
1397 1
1397 1
1397 1
1397 1
1956 1
1397 1
1467 1
1886 1
1396 1
1886 1
1956 1
1956 1
1886 1
1397 1
1956 1
978 1
1397 1
1467 1
1467 1
1886 1
1397 1
1397 1
1467 1
1956 1
1886 1
1397 1
2305 1
2933 1
1885 1
1397 1
1467 1
1466 1
1467 1
1886 1
1396 1
908 1
1956 1
908 1
1886 1
978 1
1467 1
1397 1
1397 1
1397 1
1396 1
1886 1
1467 1
1466 1
1467 1
1467 1
1466 1
1397 1
1885 1
1397 1
908 1
908 1
1466 1
1397 1
1396 1
1467 1
1955 1
1397 1
1397 1
1816 1
1885 1
1397 1
1397 1
908 1
1466 1
1956 1
1467 1
1466 1
1397 1
1466 1
908 1
1396 1
1467 1
1467 1
1466 1
1397 1
1466 1
1886 1
1816 1
1466 1
1397 1
1397 1
1467 1
1466 1
1397 1
1467 1
1397 1
1467 1
1466 1
1467 1
1397 1
1397 1
978 1
1397 1
1467 1
1397 1
1397 1
1886 1
1397 1
1467 1
1397 1
1397 1
1396 1
1467 1
978 1
1955 1
1397 1
1396 1
1467 1
1397 1
978 1
1397 1
1955 1
1467 1
1467 1
1396 1
1467 1
1397 1
1886 1
1397 1
1467 1
1396 1
1397 1
1467 1
1466 1
1467 1
1396 1
1397 1
1466 1
978 1
1467 1
1397 1
1467 1
1466 1
1397 1
2305 1
1397 1
1397 1
1396 1
1886 1
1886 1
1397 1
1467 1
1397 1
1397 1
1886 1
1467 1
1886 1
1467 1
1466 1
1886 1
1467 1
1466 1
