14666 1
7124 1
2793 1
2375 1
2933 1
3352 1
1956 1
2374 1
2374 1
1885 1
1467 1
2304 1
1955 1
1397 1
1467 1
1396 1
1955 1
1886 1
1886 1
1885 1
1956 1
1886 1
1956 1
2305 1
1885 1
1955 1
1885 1
2445 1
1886 1
1886 1
1886 1
1885 1
1885 1
1955 1
1467 1
1467 1
1885 1
1886 1
1886 1
1885 1
1886 1
1886 1
2375 1
1885 1
1886 1
1886 1
1955 1
2375 1
1956 1
1816 1
2864 1
1885 1
2374 1
1956 1
1956 1
2304 1
1886 1
1956 1
2375 1
1886 1
1886 1
1886 1
1955 1
1466 1
1467 1
1467 1
1886 1
1886 1
1955 1
1466 1
2374 1
1955 1
1467 1
2375 1
1815 1
1397 1
1886 1
1956 1
1956 1
1955 1
1816 1
1886 1
2375 1
1955 1
1955 1
2444 1
1955 1
2374 1
1327 1
2793 1
1885 1
1956 1
1467 1
1397 1
1815 1
2305 1
1955 1
1816 1
1956 1
2375 1
